

 ======= values from new run ======= 

10721 3905 2 32767 
10758 3904 2 32767 
10713 3905 2 32767 
10656 3906 2 32767 
10682 3905 1 32767 
10691 3905 2 32767 
10696 3905 1 32767 
10658 3905 2 32767 
10623 3906 2 32767 
10581 3897 2 32767 
10531 3906 2 32767 
10537 3904 2 32767 
10583 3895 2 32767 
10551 3891 1 32767 
10572 3898 2 32767 
10541 3891 2 32767 
10597 3907 2 32767 
10606 3907 1 32767 
10604 3907 2 32767 
10608 3906 1 32767 
10608 3906 2 32767 
10603 3906 2 32767 
10590 3907 2 32767 
10587 3907 1 32767 
10587 3907 2 32767 
10597 3907 1 32767 
10615 3908 1 32767 
10626 3908 1 32767 
10636 3907 2 32767 
10628 3905 1 32767 
10605 3907 2 32767 
10600 3905 1 32767 
10609 3905 1 32767 
10597 3908 1 32767 
10600 3907 1 32767 
10615 3907 1 32767 
10627 3907 1 32767 
10632 3907 2 32767 
10636 3908 2 32767 
10631 3907 1 32767 
10625 3907 2 32767 
10617 3907 1 32767 
10605 3907 1 32767 
10610 3907 1 32767 
10628 3899 1 32767 
10594 3907 2 32767 
10627 3907 2 32767 
10644 3904 1 32767 
10629 3895 1 32767 
10622 3909 2 32767 
10606 3906 2 32767 
10637 3907 2 32767 
10638 3906 2 32767 
10640 3906 2 32767 
10642 3905 1 32767 
10640 3906 2 32767 
10637 3905 2 32767 
10626 3906 2 32767 
10618 3907 2 32767 
10650 3906 2 32767 
10669 3906 1 32767 
10710 3904 1 32767 
